time,per. metric/s,metric total,overall metric/s,per. row/s,row total,overall row/s
1696616437,448809.83,4.488400E+06,448809.83,39997.31,4.000000E+05,39997.31
1696616447,561154.70,1.010000E+07,504980.64,49999.53,9.000000E+05,44998.28
1696616457,515251.87,1.525240E+07,508404.25,46001.06,1.360000E+06,45332.52
1696616467,504978.96,2.030240E+07,507547.91,44998.12,1.810000E+06,45248.92
1696616477,539618.82,2.569840E+07,513961.79,48001.67,2.290000E+06,45799.45
1696616487,515462.47,3.085320E+07,514211.91,45998.44,2.750000E+06,45832.61
1696616497,505030.99,3.590320E+07,512900.43,45002.76,3.200000E+06,45714.07
1696616507,560934.48,4.151240E+07,518904.53,50001.29,3.700000E+06,46249.96
1696616517,561270.91,4.712520E+07,523611.97,49999.19,4.200000E+06,46666.55
1696616527,516447.30,5.228960E+07,522895.51,46000.65,4.660000E+06,46599.96
1696616537,549747.28,5.778760E+07,525336.79,48995.30,5.150000E+06,46817.73
1696616547,538590.38,6.317320E+07,526441.19,48002.71,5.630000E+06,46916.48
1696616557,527630.10,6.844960E+07,526532.65,46999.12,6.100000E+06,46922.83
1696616567,561334.16,7.406280E+07,529018.40,50001.26,6.600000E+06,47142.71
1696616577,549660.58,7.955960E+07,530394.59,48998.27,7.090000E+06,47266.42
1696616587,549831.84,8.505760E+07,531609.34,49002.84,7.580000E+06,47374.94
1696616597,528052.16,9.033840E+07,531400.09,46997.52,8.050000E+06,47352.74
1696616607,538127.81,9.571960E+07,531773.84,48000.70,8.530000E+06,47388.74
1696616617,561316.57,1.013328E+08,533328.73,49999.69,9.030000E+06,47526.16
1696616627,561281.90,1.069456E+08,534726.38,50000.17,9.530000E+06,47649.86
1696616637,526676.62,1.122124E+08,534343.05,46999.70,1.000000E+07,47618.90
1696616647,572700.07,1.179396E+08,536086.61,50998.23,1.051000E+07,47772.51
1696616657,516605.73,1.231056E+08,535239.63,46000.51,1.097000E+07,47695.46
1696616667,516476.52,1.282700E+08,534457.89,46003.25,1.143000E+07,47624.96
1696616677,560304.30,1.338732E+08,535491.77,49998.60,1.193000E+07,47719.91
1696616687,539241.78,1.392656E+08,535636.00,48000.16,1.241000E+07,47730.69
1696616697,561257.97,1.448784E+08,536585.00,49998.04,1.291000E+07,47814.67
1696616707,493463.13,1.498128E+08,535045.00,44002.06,1.335000E+07,47678.51
1696616717,538213.96,1.551952E+08,535154.28,47997.68,1.383000E+07,47689.51
